version https://git-lfs.github.com/spec/v1
oid sha256:be9d2eb698254333496c58601ca69b4989d4048e1ae81f8fd8269858059f5fb6
size 3613
