version https://git-lfs.github.com/spec/v1
oid sha256:70db99c86f9cab76251372e2796b64419a2f4f9d83bb57eb4f9c63df5e9b5a88
size 2610
