version https://git-lfs.github.com/spec/v1
oid sha256:356b1d9c3d5f5714f36d9b744e498a34faef6614d2499ae795c6790eceec62bf
size 5215
