version https://git-lfs.github.com/spec/v1
oid sha256:a793059411dd7e29b48936a775a73ccc9c7aeba9981082d8ecde91207a653881
size 2596
