version https://git-lfs.github.com/spec/v1
oid sha256:b53406f4f4e64234f4a70c8b08145128d62563c2da9f9175f59f51171a4bbb5e
size 3607
