version https://git-lfs.github.com/spec/v1
oid sha256:7b0462f3f3eb7839bc80d44828daa9dfd2b856570ba7ca3e17f86f7c23e7e924
size 5670
